ECOS Listed Species ID	Conservation Plan Id
1045	268
421	4567
10291	4658
10291	4470
20	4662
20	4656
20	4655
20	3991
20	3647
20	1468
20	1467
20	582
20	231
20	216
20	213
20	165
20	155
20	42
20	14
1577	615
129	3338
129	995
582	4229
458	4763
458	152
458	77
458	76
1654	4229
1654	149
4602	1026
4602	983
4602	507
4602	383
4602	184
4602	148
4602	99
4602	53
1095	4254
1095	4225
1095	3535
1095	3132
1095	968
1095	77
1095	76
784	4567
934	3535
934	77
934	76
52	4457
52	3833
52	3832
52	3655
52	3624
52	3540
52	3282
52	3281
52	3246
52	3230
52	3229
52	3178
52	3101
52	1622
52	1621
52	1219
52	1001
52	848
52	589
52	588
52	470
911	481
2142	3341
360	4055
10710	4812
471	4734
471	4659
471	4392
471	1079
11365	4820
11365	4472
712	4567
11570	149
11570	106
11570	45
427	4567
427	270
427	89
427	58
427	57
427	56
427	55
427	54
96	3741
96	981
96	610
96	228
96	226
96	129
96	117
96	53
456	4763
456	4256
456	4254
456	4226
456	4225
456	4107
456	4106
456	3963
456	3962
456	3961
456	3960
456	3859
456	3535
456	3132
456	968
456	152
456	77
456	76
1	4832
1	4830
1	4820
1	4772
1	4770
1	4761
1	4743
1	4552
1	4551
1	4512
1	4472
1	4471
1	4434
1	4432
1	4431
1	4380
1	4342
1	4334
1	4333
1	4332
1	4330
1	4328
1	4258
1	4000
1	1224
9278	983
178	4148
178	3723
178	3626
178	828
178	452
178	21
235	3804
235	3803
507	148
10043	4832
10043	4830
10043	4820
10043	4772
10043	4770
10043	4761
10043	4743
10043	4552
10043	4551
10043	4512
10043	4472
10043	4471
10043	4434
10043	4431
10043	4380
10043	4334
10043	4332
10043	4330
46	894
27	4258
1119	4319
188	4763
188	576
188	46
206	3809
206	3339
206	3338
206	1007
206	481
8	3622
787	554
787	113
490	4567
490	558
490	550
490	149
490	52
11175	4099
11175	3201
11175	3193
11175	3191
11175	3163
11175	1619
11175	1618
11175	1617
11175	1615
11175	1614
11175	893
11175	438
11175	39
11175	23
179	4304
179	4253
179	4252
179	4243
179	4158
179	4148
179	3876
179	3864
179	3729
179	3723
179	3626
179	828
179	452
179	21
450	4556
450	4347
450	4346
450	4246
450	4150
450	4046
450	3151
59	4222
59	4066
8061	983
10202	3269
49	4763
49	3357
49	1542
49	950
465	4720
465	4514
465	3887
465	3091
465	1279
465	1278
465	1068
465	261
465	132
465	96
465	30
457	4763
457	3372
457	3148
580	4229
580	558
580	113
3618	610
3618	184
1126	4347
1126	4346
1126	4246
1126	4046
1126	3151
15	4758
15	4757
15	4756
15	4578
15	4413
15	4411
15	4387
15	4386
15	4385
15	4155
15	975
2427	716
2427	528
1233	4246
1233	4046
431	4246
431	3594
431	3150
431	18
500	1486
500	983
500	981
500	610
500	537
500	228
500	226
500	184
500	129
500	117
500	53
8034	102
5140	558
5140	546
6346	4440
6346	1263
11180	4099
11180	3201
11180	3193
11180	3191
11180	3163
11180	1619
11180	1618
11180	1617
11180	1615
11180	1614
11180	893
11180	438
11180	39
11180	23
108	4758
108	4413
108	4410
108	4387
108	3735
108	921
4870	981
4870	228
4870	226
4870	129
4870	117
4870	53
9256	983
2504	983
2504	612
2504	112
988	1486
988	981
988	228
988	226
988	129
988	53
263	3809
263	3338
263	189
2146	528
55	4229
55	52
1263	4246
31	193
31	192
31	111
10485	4099
10485	3201
10485	3193
10485	3191
10485	3163
10485	1619
10485	1618
10485	1617
10485	1615
10485	1614
10485	893
10485	438
10485	39
10485	23
828	4246
828	4046
8941	741
32	193
32	192
32	111
5525	674
5525	383
5525	184
5525	148
5525	53
7495	4760
7495	4603
7495	4473
7495	4046
1030	3809
1030	3338
1030	481
76	4758
76	4413
76	4410
76	4387
76	3735
7342	4734
7342	4129
7342	3776
104	4758
104	4413
104	4410
104	4387
104	4155
104	3735
104	973
104	921
1225	4246
1225	4046
209	3792
209	480
2389	1123
2389	849
4632	3618
4632	3226
479	4478
479	4121
9528	983
1984	610
1984	184
897	4763
387	4763
387	4163
387	3867
387	1500
387	577
387	134
249	3792
249	1490
249	480
4	894
1531	3393
7054	481
8684	4765
2466	724
428	4763
428	4358
428	4341
428	1512
428	1510
428	566
428	109
529	610
529	53
331	3802
11181	4099
11181	3201
11181	3193
11181	3191
11181	3163
11181	1619
11181	1618
11181	1617
11181	1615
11181	1614
11181	893
11181	438
11181	39
11181	23
12	995
12	502
12	225
12	116
12	18
7558	981
7558	228
7558	226
7558	129
7558	117
7558	53
9293	983
453	4734
453	1238
155	4099
155	3201
155	3193
155	3191
155	1619
155	1618
155	1617
155	1615
155	1614
155	893
155	347
155	23
2802	983
619	3865
8284	546
9209	983
3249	981
3249	228
3249	226
3249	129
3249	117
3249	53
11688	4763
11688	1523
11688	550
11688	546
11688	92
11688	52
135	3698
11686	4763
11686	1523
11686	550
11686	546
11686	92
11686	52
173	4266
173	3751
173	3626
173	3617
173	3173
173	1025
173	1014
173	894
173	678
173	586
173	452
173	437
173	337
173	240
173	170
173	139
173	130
173	120
173	29
173	21
173	17
283	1489
8384	4229
8384	4137
8384	4134
8384	3934
8384	3933
8384	3877
8384	3812
8384	3673
8384	3669
8384	3662
8384	3589
8384	3544
8384	3537
8384	3452
8384	3449
8384	3402
8384	3400
8384	3399
8384	3352
8384	3351
8384	3341
8384	3302
8384	3295
8384	3294
8384	3257
8384	3255
8384	3254
8384	3253
8384	3252
8384	3251
8384	3247
8384	3243
8384	3242
8384	3241
8384	3237
8384	3222
8384	3130
8384	3097
8384	3096
8384	3095
8384	3094
8384	3093
8384	3092
8384	3090
8384	3089
8384	3079
8384	3078
8384	3077
8384	3076
8384	3075
8384	3074
8384	3073
8384	3072
8384	3071
8384	3070
8384	3068
8384	3067
8384	3066
8384	3065
8384	3064
8384	3063
8384	3062
8384	3061
8384	3060
8384	3059
8384	3058
8384	3057
8384	3056
8384	3055
8384	3054
8384	3052
8384	3050
8384	3049
8384	3048
8384	3047
8384	3046
8384	3045
8384	3044
8384	3043
8384	3042
8384	1613
8384	1596
8384	1595
8384	1594
8384	1593
8384	1592
8384	1591
8384	1590
8384	1533
8384	1532
8384	1465
8384	1355
8384	1247
8384	1245
8384	1244
8384	1243
8384	1240
8384	1239
8384	1213
8384	1212
8384	1211
8384	1210
8384	1209
8384	1207
8384	1206
8384	1205
8384	1187
8384	1184
8384	1183
8384	1182
8384	1181
8384	1180
8384	1179
8384	1174
8384	1173
8384	1019
8384	995
8384	983
8384	981
8384	909
8384	864
8384	863
8384	507
8384	502
8384	319
8384	228
8384	226
8384	225
8384	149
8384	148
8384	129
8384	116
8384	110
8384	92
8384	79
8384	71
8384	53
2073	1026
2073	983
2073	981
2073	674
2073	616
2073	610
2073	537
2073	507
2073	383
2073	228
2073	226
2073	184
2073	148
2073	129
2073	117
2073	99
2073	53
8293	716
8293	528
8234	761
8313	109
215	3341
11685	4763
11685	1523
11685	550
11685	546
11685	92
11685	52
6726	743
6726	715
11687	4763
11687	1523
11687	550
11687	546
11687	92
11687	52
24	4327
24	3470
24	1220
24	502
24	225
24	115
4359	983
789	21
7800	4403
7800	3998
7800	3836
1951	4763
1951	1523
1951	550
1951	546
1951	92
1951	52
9518	983
1737	149
1737	106
1737	45
3263	981
3263	228
3263	226
3263	129
3263	117
3263	53
2160	981
2160	228
2160	226
2160	129
2160	117
2160	53
17	4567
17	1
7855	3269
7855	1538
7855	946
7855	580
7855	502
7855	319
7855	225
9123	995
9123	502
9123	225
9123	116
9123	18
4243	4829
10037	4652
10037	4094
10037	3470
10037	3419
10037	3269
10037	3169
10037	1538
10037	1464
10037	1220
10037	946
10037	609
10037	580
10037	502
10037	319
10037	225
10037	115
10037	81
3497	3341
477	4734
477	1238
10286	4099
10286	3201
10286	3197
10286	3193
10286	3191
10286	3163
10286	1619
10286	1618
10286	1617
10286	1615
10286	1614
10286	893
10286	347
10286	39
10286	23
940	4763
940	109
9193	716
9193	528
7188	528
9191	3792
9191	615
9191	528
6051	852
496	1486
496	981
496	610
496	228
496	226
496	184
496	129
496	117
496	53
4090	4707
4090	4572
4090	4429
4090	1557
4090	700
4090	580
4090	502
4090	377
4090	225
4090	18
4501	1026
4501	983
4501	383
4501	184
4501	148
35	4237
35	4099
35	4041
35	4039
35	4038
35	3977
35	3878
35	3862
35	3861
35	3682
35	3681
35	185
10284	4099
10284	3201
10284	3197
10284	3193
10284	3191
10284	3163
10284	1619
10284	1618
10284	1617
10284	1615
10284	1614
10284	893
10284	347
10284	39
10284	23
332	3804
332	3803
332	3802
7332	4408
7332	4407
7332	4376
10245	4099
10245	3201
10245	3197
10245	3193
10245	3191
10245	3163
10245	1619
10245	1618
10245	1617
10245	1615
10245	1614
10245	893
10245	347
10245	39
10245	23
861	920
4679	4734
4679	4129
4679	3776
2	1470
2	1220
2	502
2	225
2	116
67	4734
67	4129
67	3776
9526	983
153	4099
153	3191
153	893
153	876
153	826
153	438
153	23
8389	4661
8389	40
1389	3419
1389	3269
1389	1220
4362	3419
4362	3384
4362	3269
4362	1220
4362	609
1909	697
8023	981
8023	228
8023	226
8023	129
8023	117
8023	53
4350	3792
8228	3360
8261	4813
8261	4811
8261	4763
8261	4652
8261	4573
8261	4479
8261	4224
8261	4094
8261	3589
8261	950
8261	909
8261	502
8261	319
8261	225
8261	217
8261	173
8261	116
8261	92
8261	79
8261	71
8261	18
285	1489
282	3322
319	3804
319	3803
319	3802
69	4758
69	4410
69	4387
69	3735
69	924
250	1238
10283	4099
10283	3201
10283	3197
10283	3193
10283	3191
10283	3163
10283	1619
10283	1618
10283	1617
10283	1615
10283	1614
10283	893
10283	347
10283	39
10283	23
4010	981
4010	610
4010	228
4010	226
4010	129
4010	117
4010	53
3885	775
154	4099
154	3191
154	893
154	876
154	826
154	23
6049	148
8231	4734
8231	379
8231	175
8231	96
8231	66
8231	30
466	4720
466	3887
466	261
466	132
466	96
466	30
34	3163
34	999
34	600
34	39
10290	4763
140	4466
140	4349
140	4317
140	4311
140	4310
140	4309
140	4267
140	4266
140	4241
140	4236
140	4159
140	4138
140	4075
140	4067
140	4059
140	4052
140	4051
140	4050
140	4049
140	4048
140	4047
140	4029
140	4028
140	4027
140	4026
140	4025
140	4024
140	4023
140	4022
140	4021
140	4020
140	4019
140	4018
140	4017
140	4013
140	4012
140	3955
140	3948
140	3946
140	3943
140	3942
140	3941
140	3938
140	3937
140	3886
140	3885
140	3884
140	3883
140	3882
140	3881
140	3880
140	3875
140	3874
140	3873
140	3866
140	3810
140	3798
140	3797
140	3795
140	3789
140	3788
140	3786
140	3785
140	3778
140	3777
140	3774
140	3773
140	3772
140	3771
140	3756
140	3755
140	3750
140	3749
140	3734
140	3732
140	3729
140	3726
140	3715
140	3694
140	3693
140	3692
140	3690
140	3683
140	3675
140	3670
140	3629
140	3628
140	3621
140	3619
140	3617
140	3548
140	3546
140	3529
140	3513
140	3509
140	3506
140	3504
140	3502
140	3441
140	3439
140	3375
140	3355
140	3350
140	3271
140	3250
140	3238
140	3173
140	3172
140	3171
140	1025
140	1014
140	901
140	877
140	679
140	678
140	586
140	452
140	437
140	378
140	355
140	337
140	259
140	246
140	240
140	180
140	177
140	172
140	170
140	154
140	130
140	120
140	119
140	103
140	75
140	29
140	22
140	21
140	17
140	3
4087	3981
180	728
180	727
9538	983
9340	319
9340	225
5551	983
5551	148
199	3751
10280	4099
10280	3201
10280	3197
10280	3193
10280	3191
10280	3163
10280	1619
10280	1618
10280	1617
10280	1615
10280	1614
10280	893
10280	347
10280	39
10280	23
152	4567
152	662
152	270
152	58
152	57
152	56
152	55
152	54
752	21
711	1486
711	983
711	981
711	610
711	228
711	226
711	129
711	53
4614	4229
4614	983
4614	981
4614	640
4614	558
4614	554
4614	550
4614	546
4614	507
4614	228
4614	226
4614	149
4614	148
4614	129
4614	117
4614	113
4614	53
4614	52
9488	3804
9488	3803
9488	3802
7590	3269
7590	1538
7590	946
7590	580
7590	502
7590	319
7590	225
9540	983
3064	4778
3064	4776
3064	4213
3064	4212
2221	981
2221	610
2221	228
2221	226
2221	129
2221	117
2221	53
9251	983
634	920
462	3687
474	4659
474	4392
6027	3341
6027	3338
6027	189
740	21
10165	4311
10165	4310
10165	4249
10165	4141
10165	3949
10165	3747
10165	3173
10165	988
10165	820
10165	281
10165	139
10165	84
1193	3865
317	3804
317	3803
317	3802
9941	4099
9941	3201
9941	3197
9941	3193
9941	3191
9941	3163
9941	1619
9941	1618
9941	1617
9941	1615
9941	1614
9941	893
9941	347
9941	39
9941	23
1008	4246
1262	4246
11193	4099
11193	3201
11193	3193
11193	3191
11193	3163
11193	1619
11193	1618
11193	1617
11193	1615
11193	1614
11193	893
11193	438
11193	39
11193	23
2845	981
2845	228
2845	226
2845	129
2845	53
97	920
175	615
175	219
10276	4099
10276	3201
10276	3197
10276	3193
10276	3191
10276	3163
10276	1619
10276	1618
10276	1617
10276	1615
10276	1614
10276	893
10276	347
10276	39
10276	23
3957	983
7792	854
7792	849
377	3440
2071	3341
459	4734
459	4659
459	4392
459	1079
228	1238
83	4129
83	268
6782	4211
6782	712
870	1238
527	4436
9235	554
3532	4311
3532	4310
3532	4249
3532	4141
3532	3949
3532	3747
3532	3173
3532	988
3532	820
3532	281
3532	139
3532	84
372	3440
8278	3269
8278	502
10201	3269
281	3389
311	4828
311	4001
311	737
6112	4229
6112	745
9252	983
9252	507
671	920
3628	4464
3628	3792
3628	1441
3628	528
3216	4125
6096	1026
6096	983
6096	674
6096	612
6096	558
6096	554
6096	537
6096	383
6096	184
6096	149
6096	148
6096	113
6096	99
6096	53
6096	52
7337	28
1938	983
9266	983
446	4756
446	4385
3398	3269
3398	1538
3398	946
3398	580
3398	502
3398	319
3398	225
82	4758
82	4757
82	4756
82	4578
82	4411
82	4410
82	4386
82	4385
82	4155
82	3865
82	3530
82	975
9372	612
123	4308
123	1528
123	1523
123	1486
123	983
123	981
123	615
123	612
123	610
123	558
123	537
123	383
123	228
123	226
123	184
123	149
123	148
123	129
123	117
123	99
123	53
938	3865
576	1486
576	981
576	228
576	226
576	129
576	117
576	53
11192	4099
11192	3201
11192	3193
11192	3191
11192	3163
11192	1619
11192	1618
11192	1617
11192	1615
11192	1614
11192	893
11192	438
11192	39
11192	23
9374	612
185	4824
185	4817
185	4816
185	4815
185	4814
185	4753
185	4571
185	4378
185	4259
185	4233
185	3792
185	3738
185	3691
185	3131
185	978
185	977
185	716
185	615
185	565
185	528
185	527
185	507
185	480
185	439
185	222
185	210
185	200
185	171
185	150
185	105
185	34
185	28
185	26
185	19
185	8
185	2
1411	983
7041	981
7041	228
7041	226
7041	129
7041	117
7041	102
7041	53
6232	610
6232	184
4112	3505
4112	3419
4112	3269
4112	950
4112	946
4112	580
4112	502
9520	4229
9520	983
9520	554
9520	507
9711	615
7033	1523
9246	983
9246	507
2197	4054
511	3741
5471	981
5471	228
5471	226
5471	129
5471	117
5471	53
73	4757
73	4756
73	4578
73	4411
73	4410
73	4386
73	4385
73	3735
73	3395
73	975
73	924
73	920
73	919
73	680
3851	1222
3851	732
3851	695
6138	4087
987	3865
2299	3397
2299	1554
2232	983
66	149
66	106
66	45
668	4567
8395	4771
8395	4769
8395	4763
8395	4567
8395	4462
8395	4436
8395	4425
8395	4373
8395	4355
8395	4354
8395	4341
8395	4323
8395	4231
8395	4229
8395	4214
8395	3935
8395	1523
8395	662
8395	558
8395	557
8395	554
8395	546
8395	531
8395	149
8395	113
8395	52
429	865
429	193
429	192
44	3649
44	1476
6931	554
559	1486
559	981
559	228
559	226
559	129
559	117
559	53
115	1026
115	640
115	383
115	184
115	149
115	148
115	113
115	28
4579	3217
4075	3386
1240	3207
1240	849
4086	4828
102	4567
39	3612
39	1486
39	1482
39	1026
39	983
39	982
39	383
39	230
39	211
39	209
39	208
39	207
39	206
39	205
39	204
39	203
39	202
39	156
39	148
39	93
39	64
39	53
8025	4229
841	4567
841	3582
841	3517
841	1523
9217	615
9217	550
9512	983
7961	740
3640	981
3640	228
3640	226
3640	129
3640	117
3640	53
833	3865
5726	1026
5726	983
5726	507
2460	4229
136	3698
1640	640
1640	507
1640	149
1640	117
1640	113
1640	52
1640	18
804	21
3	18
7245	3792
3493	983
3493	383
3493	53
9971	615
7567	3986
7567	739
7816	3992
805	21
10285	4099
10285	3201
10285	3197
10285	3193
10285	3191
10285	3163
10285	1619
10285	1618
10285	1617
10285	1615
10285	1614
10285	893
10285	347
10285	39
10285	23
9272	983
10161	4742
10161	4735
10161	4722
10161	4715
10161	4714
10161	4713
10161	4706
10161	4705
10161	4704
10161	4703
10161	4702
10161	4701
10161	4697
10161	4696
10161	4646
10161	4645
10161	4643
10161	4642
10161	4607
10161	4606
10161	4592
10161	4591
10161	4590
10161	4589
10161	4588
10161	4587
10161	4586
10161	4585
10161	4584
10161	4583
10161	4582
10161	4581
10161	4580
10161	4575
10161	4570
10161	4543
10161	4542
10161	4540
10161	4539
10161	4538
10161	4531
10161	4530
10161	4528
10161	4527
10161	4526
10161	4525
10161	4524
10161	4523
10161	4522
10161	4521
10161	4520
10161	4519
10161	4518
10161	4517
10161	4516
10161	4452
10161	4451
10161	4450
10161	4449
10161	4448
10161	4447
10161	4446
10161	4445
10161	4444
10161	4443
10161	4442
10161	4426
10161	4371
10161	3776
10161	12
1707	4763
7331	3505
7331	3419
7331	3269
7331	950
7331	946
7331	580
7331	502
809	21
30	4734
30	4130
435	4567
4529	981
4529	228
4529	226
4529	129
4529	117
4529	53
9544	983
3616	507
3616	266
3616	234
3616	106
3616	45
983	3865
491	4763
491	4567
491	546
491	149
491	52
1140	920
8356	3804
8356	3803
8356	3802
9199	528
4430	983
197	4734
197	4440
197	1263
197	261
197	258
197	229
1740	4763
1740	983
4937	3986
6550	1557
6550	502
6550	225
6550	116
6550	79
6550	18
10049	4820
10049	4472
10049	4332
10172	4103
9233	615
9524	983
1123	4229
1123	234
1123	149
1123	106
7415	983
7415	117
11677	995
11677	502
11677	225
11677	116
11677	18
544	99
10375	225
10375	116
10375	82
11678	995
11678	502
11678	225
11678	116
11678	18
2895	1557
2895	225
2895	184
2895	149
2895	116
2895	79
2895	18
5391	4054
2658	753
5866	771
420	4768
420	4548
420	4103
420	4102
420	3645
420	3423
420	1229
420	1227
420	273
420	271
6737	1451
7850	4054
233	4235
233	3736
233	1492
233	716
461	4734
461	4659
461	4392
461	1079
10124	4734
10124	4129
10124	3776
6843	3269
6843	502
426	4069
426	1486
426	983
426	981
426	674
426	537
426	148
426	99
11	995
11	502
11	225
11	116
11	18
3645	4828
3645	4055
5674	983
7455	580
7455	18
3342	3792
8762	3980
3750	554
1115	4567
1115	4356
1115	4321
1115	3582
1115	3517
1115	1523
6045	610
6045	184
494	4763
494	4567
494	4436
494	4229
494	558
494	554
494	550
494	546
494	149
494	113
494	52
5	4363
4945	109
492	1486
492	1478
492	983
492	981
492	674
492	612
492	610
492	537
492	228
492	226
492	129
492	99
492	53
378	3440
4936	4829
11683	4763
11683	1523
11683	550
11683	546
11683	92
11683	52
3360	528
3360	149
7605	4424
7572	4363
9122	4129
9122	3338
9122	269
11684	4763
11684	1523
11684	550
11684	546
11684	92
11684	52
9232	983
9232	507
190	4734
190	4721
190	4579
190	4142
190	4137
190	4134
190	4133
190	4128
190	4127
190	4120
190	4080
190	4068
190	4005
190	3970
190	3863
190	3854
190	3853
190	3852
190	3841
190	3816
190	3791
190	3776
190	3713
190	3673
190	3669
190	3666
190	3643
190	3577
190	3544
190	3541
190	3452
190	3450
190	3449
190	3447
190	3444
190	3443
190	3422
190	3413
190	3400
190	3399
190	3352
190	3351
190	3328
190	3301
190	3295
190	3294
190	3284
190	3256
190	3255
190	3254
190	3253
190	3252
190	3251
190	3247
190	3243
190	3242
190	3241
190	3237
190	3222
190	3175
190	3130
190	3104
190	3097
190	3096
190	3095
190	3094
190	3093
190	3092
190	3090
190	3089
190	3079
190	3078
190	3077
190	3076
190	3075
190	3074
190	3073
190	3072
190	3071
190	3070
190	3068
190	3067
190	3066
190	3065
190	3064
190	3063
190	3062
190	3061
190	3060
190	3059
190	3058
190	3057
190	3056
190	3055
190	3054
190	3053
190	3052
190	3050
190	3049
190	3048
190	3047
190	3046
190	3045
190	3044
190	3043
190	3042
190	3035
190	3034
190	3033
190	1596
190	1595
190	1594
190	1593
190	1592
190	1591
190	1590
190	1410
190	1355
190	1341
190	1340
190	1339
190	1256
190	1247
190	1245
190	1244
190	1243
190	1213
190	1212
190	1211
190	1210
190	1209
190	1207
190	1206
190	1205
190	1187
190	1184
190	1183
190	1182
190	1181
190	1180
190	1179
190	1178
190	1177
190	1176
190	1175
190	1174
190	1173
190	1169
190	1168
190	1167
190	1166
190	1165
190	1164
190	1118
190	1117
190	1116
190	1115
190	1114
190	1113
190	1112
190	1111
190	1110
190	1109
190	1108
190	1107
190	1106
190	1105
190	1104
190	1103
190	1102
190	1101
190	1100
190	1099
190	1098
190	1097
190	1096
190	1095
190	1094
190	1093
190	1092
190	1091
190	1090
190	1089
190	1088
190	1086
190	1085
190	1084
190	1083
190	1081
190	1077
190	1076
190	1071
190	1070
190	1067
190	1066
190	1065
190	1064
190	1063
190	1062
190	1061
190	1059
190	1056
190	1044
190	1043
190	1041
190	1040
190	1037
190	1036
190	1035
190	1034
190	1033
190	1032
190	1031
190	1030
190	1029
190	1028
190	1027
190	1019
190	1018
190	1017
190	1016
190	1013
190	1012
190	1006
190	1005
190	1004
190	1003
190	1000
190	998
190	997
190	996
190	994
190	993
190	992
190	908
190	907
190	905
190	904
190	903
190	902
190	883
190	882
190	881
190	879
190	878
190	864
190	863
190	861
190	860
190	858
190	857
190	842
190	841
190	840
190	839
190	838
190	836
190	834
190	824
190	823
190	822
190	821
190	659
190	657
190	656
190	655
190	621
190	607
190	606
190	604
190	603
190	602
190	599
190	596
190	595
190	268
4665	502
4665	225
4665	116
4665	18
7744	615
4318	3801
4318	3800
4318	3406
4318	3405
4318	3404
4318	3403
4318	3228
4318	3225
4318	3224
4318	3223
226	1489
1122	4763
9273	983
5963	383
5963	184
5963	148
5963	99
5963	53
149	4423
149	4308
149	4113
149	3934
149	3933
149	3792
149	3662
149	3653
149	3389
149	3341
149	3302
149	1528
149	1489
149	1486
149	1240
149	995
149	983
149	981
149	716
149	615
149	612
149	610
149	528
149	527
149	507
149	481
149	480
149	228
149	226
149	225
149	184
149	149
149	148
149	129
149	117
149	99
149	53
5192	694
2917	4597
2917	4596
2917	4595
1553	1557
1553	716
1553	528
1553	225
1553	116
1553	79
1553	18
7826	716
7826	225
7826	148
7826	79
7826	18
2234	4088
2234	808
2234	757
9490	3804
9490	3803
9490	3802
183	4567
183	3505
183	546
47	481
4987	3792
4987	528
730	4567
5248	983
5248	981
5248	612
5248	610
5248	537
5248	383
5248	266
5248	228
5248	226
5248	184
5248	129
5248	117
5248	112
5248	53
3509	1538
3509	580
3509	502
3509	225
562	3505
562	3372
6972	28
9715	615
6228	745
9144	319
2987	983
2987	981
2987	610
2987	228
2987	226
2987	184
2987	129
2987	53
10209	18
7725	981
7725	610
7725	228
7725	226
7725	184
7725	129
7725	117
7725	53
11666	3933
11666	481
11666	136
3399	1557
3399	716
3399	528
3399	225
3399	116
3399	79
3399	18
4064	3835
4064	3828
4064	935
4064	725
4064	720
4064	719
4064	714
4064	707
2166	4094
2166	3934
2166	3741
2166	981
2166	610
2166	228
2166	226
2166	129
2166	53
9536	983
182	4000
5847	4000
2598	766
10053	4653
10053	4608
10053	4455
10053	4454
10053	4453
10053	4389
10053	4367
10053	4366
10053	4228
10053	934
10053	849
10053	770
4992	3269
4992	1538
4992	946
4992	580
4992	502
4992	319
4992	225
2015	983
6353	1557
6353	983
6353	716
6353	507
6353	502
6353	225
6353	116
6353	79
6353	18
5965	615
5883	764
6901	3792
6901	3653
6901	3341
6901	3338
6901	1240
6901	983
6901	558
6901	528
6901	507
6901	481
6901	480
6901	52
5117	742
754	4567
754	4214
7941	3269
7941	950
7941	925
7941	502
7941	319
7941	225
7941	116
7941	92
7941	79
7941	18
1901	554
6948	797
478	1480
10707	3505
10707	3419
10707	3269
10707	950
10707	946
10707	580
10707	502
6399	319
6399	18
10251	4335
10251	4016
419	4319
419	1611
9136	1557
9136	983
9136	610
9136	225
9136	116
2609	4229
2609	1523
2609	983
2609	981
2609	640
2609	612
2609	610
2609	558
2609	554
2609	550
2609	546
2609	383
2609	228
2609	226
2609	184
2609	149
2609	148
2609	129
2609	117
2609	113
2609	53
2609	52
8376	234
8376	106
8331	1523
550	4763
1633	716
1633	528
5904	983
5904	981
5904	640
5904	610
5904	228
5904	226
5904	149
5904	129
5904	117
5904	113
5904	53
5904	52
6859	528
284	4064
8151	671
7051	3981
3654	3505
3654	3419
3654	3269
3654	950
3654	946
3654	580
3654	502
1059	4335
1059	4016
5796	981
5796	228
5796	226
5796	129
5796	117
5796	53
5121	52
5121	8
1242	4367
1242	1230
1242	983
1242	981
1242	228
1242	226
1242	149
1242	129
1242	117
1242	106
1242	53
1242	52
6531	4229
6531	149
1137	920
651	3776
4485	716
4485	171
5779	4229
5779	554
5779	113
5779	52
9530	1123
9530	983
9530	554
9530	507
9508	983
566	4567
1766	981
1766	228
1766	226
1766	129
1766	117
1766	53
275	3345
275	3103
275	825
275	615
275	481
502	981
502	610
502	228
502	226
502	184
502	129
502	117
502	53
9707	4099
9707	3201
9707	3197
9707	3193
9707	3191
9707	3163
9707	1619
9707	1618
9707	1617
9707	1615
9707	1614
9707	893
9707	347
9707	39
9707	23
9302	4229
9302	546
9302	52
6263	981
6263	610
6263	228
6263	226
6263	129
6263	117
6263	53
5501	983
5501	981
5501	716
5501	674
5501	640
5501	610
5501	528
5501	502
5501	383
5501	228
5501	226
5501	225
5501	182
5501	149
5501	129
5501	117
5501	116
5501	99
5501	92
5501	79
5501	71
5501	53
5501	18
1109	3865
8685	4765
8685	4754
8685	4708
8685	4473
3848	4229
3848	3614
3848	1534
3848	1523
3848	1230
3848	1026
3848	983
3848	981
3848	977
3848	716
3848	671
3848	640
3848	615
3848	610
3848	558
3848	550
3848	546
3848	537
3848	507
3848	383
3848	266
3848	234
3848	228
3848	226
3848	210
3848	184
3848	149
3848	148
3848	129
3848	117
3848	113
3848	106
3848	53
3848	52
3848	45
3848	33
3848	28
9932	4229
9932	4137
9932	4134
9932	3934
9932	3933
9932	3877
9932	3812
9932	3673
9932	3669
9932	3662
9932	3589
9932	3544
9932	3537
9932	3452
9932	3449
9932	3402
9932	3400
9932	3399
9932	3352
9932	3351
9932	3341
9932	3302
9932	3295
9932	3294
9932	3257
9932	3255
9932	3254
9932	3253
9932	3252
9932	3251
9932	3247
9932	3243
9932	3242
9932	3241
9932	3237
9932	3222
9932	3130
9932	3097
9932	3096
9932	3095
9932	3094
9932	3093
9932	3092
9932	3090
9932	3089
9932	3079
9932	3078
9932	3077
9932	3076
9932	3075
9932	3074
9932	3073
9932	3072
9932	3071
9932	3070
9932	3068
9932	3067
9932	3066
9932	3065
9932	3064
9932	3063
9932	3062
9932	3061
9932	3060
9932	3059
9932	3058
9932	3057
9932	3056
9932	3055
9932	3054
9932	3052
9932	3050
9932	3049
9932	3048
9932	3047
9932	3046
9932	3045
9932	3044
9932	3043
9932	3042
9932	1613
9932	1596
9932	1595
9932	1594
9932	1593
9932	1592
9932	1591
9932	1590
9932	1533
9932	1532
9932	1465
9932	1355
9932	1247
9932	1245
9932	1244
9932	1243
9932	1240
9932	1239
9932	1213
9932	1212
9932	1211
9932	1210
9932	1209
9932	1207
9932	1206
9932	1205
9932	1187
9932	1184
9932	1183
9932	1182
9932	1181
9932	1180
9932	1179
9932	1174
9932	1173
9932	1019
9932	995
9932	983
9932	981
9932	909
9932	864
9932	863
9932	507
9932	502
9932	319
9932	228
9932	226
9932	225
9932	149
9932	148
9932	129
9932	116
9932	110
9932	92
9932	79
9932	71
9932	53
9210	983
7150	3804
7150	3803
7150	3802
8204	4367
8204	1230
8204	1123
8204	983
8204	981
8204	554
8204	507
8204	383
8204	228
8204	226
8204	149
8204	148
8204	129
8204	117
8204	53
5220	4229
7650	711
3789	4335
3789	4016
9189	528
9124	4229
9124	4137
9124	4134
9124	3934
9124	3933
9124	3877
9124	3812
9124	3673
9124	3669
9124	3662
9124	3589
9124	3544
9124	3537
9124	3452
9124	3449
9124	3402
9124	3400
9124	3399
9124	3352
9124	3351
9124	3341
9124	3302
9124	3295
9124	3294
9124	3257
9124	3255
9124	3254
9124	3253
9124	3252
9124	3251
9124	3247
9124	3243
9124	3242
9124	3241
9124	3237
9124	3222
9124	3130
9124	3097
9124	3096
9124	3095
9124	3094
9124	3093
9124	3092
9124	3090
9124	3089
9124	3079
9124	3078
9124	3077
9124	3076
9124	3075
9124	3074
9124	3073
9124	3072
9124	3071
9124	3070
9124	3068
9124	3067
9124	3066
9124	3065
9124	3064
9124	3063
9124	3062
9124	3061
9124	3060
9124	3059
9124	3058
9124	3057
9124	3056
9124	3055
9124	3054
9124	3052
9124	3050
9124	3049
9124	3048
9124	3047
9124	3046
9124	3045
9124	3044
9124	3043
9124	3042
9124	1613
9124	1596
9124	1595
9124	1594
9124	1593
9124	1592
9124	1591
9124	1590
9124	1533
9124	1532
9124	1465
9124	1355
9124	1247
9124	1245
9124	1244
9124	1243
9124	1240
9124	1239
9124	1213
9124	1212
9124	1211
9124	1210
9124	1209
9124	1207
9124	1206
9124	1205
9124	1187
9124	1184
9124	1183
9124	1182
9124	1181
9124	1180
9124	1179
9124	1174
9124	1173
9124	1019
9124	995
9124	983
9124	981
9124	909
9124	864
9124	863
9124	507
9124	502
9124	319
9124	228
9124	226
9124	225
9124	149
9124	148
9124	129
9124	116
9124	110
9124	92
9124	79
9124	71
9124	53
2647	716
2647	528
3961	3981
8421	981
8421	228
8421	226
8421	129
8421	117
8421	53
1090	983
3676	983
1863	4367
1863	3338
1863	1230
2680	1026
2680	983
2680	981
2680	610
2680	383
2680	228
2680	226
2680	148
2680	129
2680	117
2680	53
1808	184
1808	53
432	4151
432	3743
432	291
4120	4653
4120	4608
4120	4455
4120	4454
4120	4453
4120	4389
4120	4367
4120	4366
4120	4228
4120	934
4120	849
4120	770
6447	53
5842	1026
5842	981
5842	674
5842	610
5842	507
5842	383
5842	228
5842	226
5842	184
5842	148
5842	129
5842	117
5842	99
5842	53
4629	716
4629	528
1053	3613
1053	983
1053	148
470	4734
470	4392
84	4423
84	3934
84	3933
84	3792
84	1240
84	615
84	480
139	4734
139	4720
139	4700
139	4569
139	4568
139	4566
139	4565
139	4564
139	4514
139	4513
139	4439
139	4438
139	4428
139	4427
139	4412
139	4393
139	4392
139	4391
139	4390
139	4320
139	4136
139	4119
139	4118
139	4117
139	4116
139	4115
139	4114
139	4085
139	4077
139	3894
139	3893
139	3891
139	3890
139	3888
139	3887
139	3817
139	3813
139	3794
139	3776
139	3775
139	3742
139	3578
139	3576
139	3347
139	3300
139	3285
139	3109
139	3108
139	3107
139	3091
139	1279
139	1261
139	1082
139	1080
139	1078
139	1042
139	1011
139	912
139	880
139	859
139	856
139	833
139	660
139	622
139	594
139	539
139	538
139	536
139	482
139	475
139	474
139	471
139	464
139	435
139	434
139	432
139	431
139	430
139	429
139	428
139	426
139	425
139	424
139	423
139	422
139	421
139	419
139	418
139	416
139	415
139	413
139	412
139	411
139	410
139	409
139	408
139	407
139	406
139	405
139	404
139	403
139	402
139	401
139	395
139	394
139	393
139	391
139	390
139	388
139	387
139	380
139	379
139	265
139	264
139	261
139	258
139	254
139	251
139	249
139	243
139	242
139	241
139	239
139	238
139	236
139	233
139	232
139	198
139	197
139	195
139	194
139	191
139	175
139	167
139	164
139	162
139	161
139	160
139	159
139	158
139	153
139	147
139	146
139	145
139	143
139	142
139	141
139	140
139	138
139	137
139	133
139	132
139	126
139	97
139	96
139	90
139	88
139	87
139	86
139	73
139	70
139	69
139	68
139	67
139	66
139	65
139	63
139	50
139	49
139	41
139	37
139	36
139	32
139	30
139	24
139	20
139	15
139	13
7256	148
189	1238
9271	983
9271	319
467	4734
467	4720
467	3887
467	261
467	132
467	96
467	30
1260	4008
201	4593
2735	747
2735	746
8069	716
8069	225
8069	116
8069	18
2368	319
2368	225
2368	116
2368	79
2368	18
8881	4311
8881	4310
8881	4249
8881	4141
8881	3949
8881	3747
8881	3173
8881	988
8881	820
8881	281
8881	139
8881	84
7985	502
7985	225
7985	116
7985	18
1734	981
1734	228
1734	226
1734	129
1734	117
1734	53
600	4229
604	3865
6388	3383
679	4229
679	558
9269	983
4991	716
4991	528
2810	3396
2810	3213
2810	759
205	4771
205	4763
205	4657
205	4567
205	4462
205	4437
205	4358
205	4343
205	4341
205	4321
205	4308
205	4231
205	4229
205	3935
205	3602
205	3505
205	3494
205	3148
205	1528
205	1523
205	1512
205	983
205	981
205	972
205	950
205	672
205	662
205	576
205	557
205	550
205	546
205	257
205	247
205	228
205	226
205	184
205	149
205	129
205	112
205	95
205	53
205	52
205	33
205	9
112	920
65	920
68	920
296	3341
8741	4653
8741	4608
8741	4455
8741	4454
8741	4453
8741	4389
8741	4367
8741	4366
8741	4228
8741	934
8741	849
8741	770
4460	4726
4306	586
3849	793
5134	234
5180	3269
5180	580
5180	502
5180	319
192	4307
192	4306
192	4303
192	3843
192	3842
192	3543
192	3542
192	1226
192	819
192	166
192	127
192	51
192	27
192	6
7453	3383
9301	546
6646	716
1538	3390
2530	615
917	920
7659	3390
7145	716
7145	528
10042	4734
3960	981
3960	228
3960	226
3960	129
3960	117
3960	53
1074	1486
1074	983
1074	537
1074	383
1074	148
4609	716
4609	528
9275	983
2705	981
2705	610
2705	228
2705	226
2705	129
2705	117
2705	53
1994	383
1994	184
1994	149
7512	3804
7512	3803
7512	3802
6	4774
6	4771
6	4763
6	4567
6	4436
6	4425
6	4420
6	4229
6	3507
6	1534
6	1523
6	891
6	671
6	557
6	546
6	531
6	514
6	508
6	507
6	266
6	244
6	234
6	218
6	187
6	176
6	150
6	149
6	123
6	106
6	52
6	45
6	33
7612	716
1377	716
4540	716
4540	528
11652	4752
11652	4751
11652	4750
11652	4749
11652	4748
11652	4747
11652	4577
11652	3831
11652	502
11652	225
11652	116
11652	92
11652	79
11652	18
3760	3505
3760	1523
3760	983
3760	554
3760	550
3760	546
3760	149
276	3809
276	3338
1684	18
444	3357
11398	4246
11398	3594
11398	3150
11398	18
3241	528
11178	4099
11178	3201
11178	3193
11178	3191
11178	3163
11178	1619
11178	1618
11178	1617
11178	1615
11178	1614
11178	893
11178	438
11178	39
11178	23
3088	528
8056	716
8056	528
2121	983
6171	53
9337	4653
9337	4608
9337	4455
9337	4454
9337	4453
9337	4389
9337	4367
9337	4366
9337	4228
9337	934
9337	849
9337	770
493	4763
493	4567
493	4436
493	4420
493	4229
493	1486
493	983
493	671
493	558
493	554
493	550
493	546
493	149
493	113
493	52
230	4087
5666	4248
3131	983
10706	3269
10706	1538
10706	946
10706	580
10706	502
10706	319
10706	225
3997	723
1533	983
1533	53
4734	18
306	3741
306	972
111	3698
4861	3341
4861	3338
4861	481
8621	4734
8621	3100
9178	528
107	4734
107	4265
107	4101
107	3776
107	3751
107	3747
107	3622
107	3409
107	3239
107	3199
107	3102
107	1560
107	1225
107	1214
107	1072
107	898
107	888
107	862
107	831
107	827
107	348
107	267
107	253
107	235
107	186
107	181
107	178
107	168
107	163
107	121
107	100
107	78
107	72
107	61
107	5
131	4734
131	4468
131	4467
131	4099
131	3191
131	1075
131	375
8386	920
516	1486
516	983
516	981
516	818
516	612
516	610
516	228
516	226
516	184
516	129
516	117
516	53
3648	692
9290	983
785	1486
785	983
785	981
785	674
785	610
785	537
785	228
785	226
785	129
785	53
11177	4099
11177	3201
11177	3193
11177	3191
11177	3163
11177	1619
11177	1618
11177	1617
11177	1615
11177	1614
11177	893
11177	438
11177	39
11177	23
5097	925
5097	92
5097	43
5932	748
10910	4828
10910	4001
10910	737
6662	4055
2477	610
2477	148
2477	53
8781	3207
8781	849
2928	3341
1307	18
9001	716
9001	528
8071	4054
1446	983
1446	981
1446	610
1446	228
1446	226
1446	184
1446	129
1446	117
1446	53
6352	1523
2678	1026
2678	983
2678	528
2678	383
2678	184
2678	148
2678	53
537	3865
5693	762
2263	4229
2263	554
2263	113
2263	52
5353	528
6800	30
512	981
512	228
512	226
512	129
512	117
512	53
5974	981
5974	228
5974	226
5974	129
5974	117
5974	53
8241	3269
8241	1538
8241	946
8241	580
8241	502
8241	319
8241	225
216	4087
8031	1026
8031	983
8031	981
8031	612
8031	610
8031	507
8031	383
8031	228
8031	226
8031	184
8031	148
8031	129
8031	117
8031	99
8031	53
103	3741
103	981
103	610
103	228
103	226
103	129
103	117
103	53
7673	4229
7673	52
2083	106
309	4723
309	3662
309	3302
5265	3639
5265	3269
5265	950
5265	580
204	1486
204	983
204	981
204	615
204	612
204	610
204	228
204	226
204	129
204	117
204	99
204	53
1136	920
310	741
134	530
5846	983
5846	383
481	4567
9183	528
781	3865
8683	4765
8683	4707
8683	4601
8683	4572
8683	4474
8683	4473
5502	716
10077	741
4419	759
6452	671
1944	3792
8172	4087
7991	3981
4166	751
1333	4094
1333	3419
1333	3269
1333	1557
1333	1538
1333	925
1333	580
1333	502
1333	225
304	4154
304	4147
304	1021
187	4763
187	4406
187	4229
187	3586
187	3364
187	640
187	558
187	554
187	550
187	546
187	543
187	149
187	125
187	113
187	52
6569	693
3803	981
3803	228
3803	226
3803	129
3803	117
3803	53
4909	716
4909	528
6939	983
6939	383
6939	99
9277	983
647	4567
9201	528
7872	716
7872	528
8064	612
8064	383
8064	184
8064	53
449	4734
449	4720
449	4108
449	3887
449	261
449	144
449	132
449	131
449	96
449	30
151	4774
151	4763
151	4425
151	4229
151	507
151	266
151	244
151	234
151	218
151	187
151	176
151	150
151	149
151	123
151	106
151	45
4648	4752
4648	4751
4648	4750
4648	4749
4648	4748
4648	4747
4648	4577
4648	3831
4648	502
4648	225
4648	116
4648	92
4648	79
4648	18
8043	983
8043	674
8043	383
8043	148
202	3385
4300	3269
4300	1538
4300	946
4300	580
4300	502
4300	319
4300	225
4339	546
4339	383
4339	184
6892	4229
6892	558
6892	554
6892	546
5937	640
5937	113
5937	52
837	3776
6139	4229
6139	149
9522	983
9522	507
92	4094
92	3934
92	3741
92	981
92	610
92	228
92	226
92	129
92	53
5026	615
9184	528
7626	759
273	3341
273	995
8306	3394
4341	4653
9182	528
7012	981
7012	228
7012	226
7012	129
7012	117
7012	53
859	558
166	3338
3327	184
2745	528
3466	983
2138	716
2138	528
8824	558
8393	266
8393	234
8393	150
8393	149
8393	106
8393	45
4773	4771
4773	4769
4773	4763
4773	4567
4773	4462
4773	4436
4773	4425
4773	4373
4773	4355
4773	4354
4773	4341
4773	4323
4773	4231
4773	4229
4773	4214
4773	3935
4773	1523
4773	662
4773	558
4773	557
4773	554
4773	546
4773	531
4773	149
4773	113
4773	52
2125	184
505	4567
505	3505
460	4734
460	4392
972	1486
972	983
972	981
972	610
972	228
972	226
972	129
972	53
6538	1026
6538	983
6538	383
6538	184
6538	148
6538	99
9514	983
4274	3505
4274	3419
4274	3269
4274	950
4274	946
4274	580
4274	502
1243	3792
1243	736
1243	615
702	4129
9240	983
9240	507
5469	3801
5469	3800
4628	261
6673	716
1558	225
858	4229
858	52
9432	3505
9432	3419
9432	3269
9432	950
9432	946
9432	580
9432	502
5785	744
9238	983
9238	554
9238	507
9238	117
905	1075
9190	528
325	3992
10712	530
186	3646
186	1223
2562	3849
2562	3349
2562	1556
2562	713
2562	116
436	4764
436	4763
436	4436
436	4422
436	4419
436	4406
436	4231
436	4229
436	4111
436	3721
436	3586
436	3585
436	3364
436	3214
436	3211
436	3080
436	830
436	672
436	640
436	625
436	623
436	578
436	558
436	554
436	550
436	549
436	535
436	508
436	294
436	227
436	224
436	149
436	135
436	113
436	74
436	52
9237	983
1675	1026
1675	983
1675	981
1675	717
1675	612
1675	610
1675	383
1675	228
1675	226
1675	201
1675	184
1675	148
1675	129
1675	117
1675	102
1675	99
1675	53
1244	699
9197	716
9197	528
4781	716
7313	774
40	4229
40	1534
40	507
40	266
40	244
40	237
40	150
40	149
40	123
40	106
9254	983
9254	319
686	920
889	1486
889	981
889	610
889	228
889	226
889	184
889	129
889	117
889	53
9244	983
445	4335
445	4016
445	4004
7989	3505
7989	3419
7989	3269
7989	950
7989	946
7989	580
7989	502
6419	261
2713	671
9562	983
5385	981
5385	610
5385	228
5385	226
5385	129
5385	117
5385	53
8763	4006
6658	507
6658	234
6658	106
583	554
583	113
114	4758
114	4757
114	4413
114	4411
114	4387
114	4386
114	4155
114	3865
114	3530
114	975
748	4567
9250	983
9250	615
9250	507
678	3741
678	981
678	228
678	226
678	129
678	117
678	53
3928	3269
3928	319
9542	983
4016	225
4016	116
4016	82
1084	3865
1509	3269
1509	580
1509	502
1509	319
1598	983
753	4246
626	4229
626	52
472	4659
5884	528
1381	981
1381	228
1381	226
1381	129
1381	117
1381	99
1381	53
63	4139
63	4032
63	3925
63	3924
63	3613
63	983
63	722
38	4774
38	4763
38	4229
38	266
38	234
38	187
38	150
38	149
38	123
38	106
38	45
11653	4752
11653	4751
11653	4750
11653	4749
11653	4748
11653	4747
11653	4577
11653	3831
11653	502
11653	225
11653	116
11653	92
11653	79
11653	18
10203	3269
9370	612
7675	528
1471	4094
1471	3419
1471	3269
1471	1557
1471	1538
1471	925
1471	580
1471	502
1471	225
232	112
9516	983
5751	502
5751	225
5751	116
5751	18
9534	983
4649	983
4649	753
10137	724
504	4763
3367	745
126	4129
126	3338
126	269
301	4652
301	4094
301	3470
301	3419
301	3269
301	3169
301	1538
301	1464
301	1220
301	946
301	609
301	580
301	502
301	319
301	225
301	115
301	81
1171	4763
1171	4341
4799	3269
4799	1538
4799	946
4799	580
4799	502
4799	319
4799	225
9212	983
5454	1026
5454	983
5454	612
5454	383
5454	148
5454	53
447	4514
447	1279
447	96
194	4734
194	1238
3761	42
9288	983
3415	184
3415	99
3415	53
5734	981
5734	610
5734	228
5734	226
5734	184
5734	129
5734	117
5734	53
7576	4229
7576	507
7576	266
7576	234
7576	150
7576	149
7576	106
7576	45
1714	983
1714	981
1714	228
1714	226
1714	129
1714	117
1714	99
1714	53
440	4742
440	4735
440	4722
440	4715
440	4714
440	4713
440	4706
440	4705
440	4704
440	4703
440	4702
440	4701
440	4697
440	4696
440	4646
440	4645
440	4643
440	4642
440	4607
440	4606
440	4592
440	4591
440	4590
440	4589
440	4588
440	4587
440	4586
440	4585
440	4584
440	4583
440	4582
440	4581
440	4580
440	4575
440	4570
440	4543
440	4542
440	4540
440	4539
440	4538
440	4531
440	4530
440	4528
440	4527
440	4526
440	4525
440	4524
440	4523
440	4522
440	4521
440	4520
440	4519
440	4518
440	4517
440	4516
440	4452
440	4451
440	4450
440	4449
440	4448
440	4447
440	4446
440	4445
440	4444
440	4443
440	4442
440	4426
440	4371
440	3776
440	12
927	3613
927	983
9560	983
10	3953
10	376
7160	716
7160	528
3462	4399
3462	983
9276	983
2210	234
2210	149
5119	615
5815	3505
5815	3419
5815	3269
5815	950
5815	946
5815	580
5815	502
6220	3505
6220	3419
6220	3269
6220	950
6220	946
6220	580
6220	502
9192	3792
9192	528
2528	3505
2528	3419
2528	3269
2528	950
2528	946
2528	580
2528	502
2448	3505
2448	3419
2448	3269
2448	950
2448	946
2448	580
2448	502
8097	716
8097	528
1376	546
4287	983
1105	3865
10207	319
9021	3639
9021	3269
9021	950
9021	580
8320	716
8320	528
6911	712
5899	4229
5899	266
5899	149
5899	52
9127	983
9127	612
9127	554
9127	507
9127	117
1078	4229
1078	234
1078	149
1078	106
1686	1557
1686	640
1686	558
1686	502
1686	225
1686	116
1686	113
1686	92
1686	52
2859	4410
2859	3865
2859	3530
132	3741
132	3270
132	981
132	610
132	507
132	228
132	226
132	149
132	129
132	117
132	92
132	53
886	615
1632	3923
6154	3269
6154	502
4338	671
3117	148
3117	99
898	3582
898	3517
898	1523
4425	4229
4425	52
6962	3915
9554	983
9554	507
6297	481
3124	261
142	4763
142	4711
142	4555
142	4554
142	4553
142	4479
142	4475
142	4372
142	4232
142	4224
142	4161
142	3639
142	3589
142	1545
142	1543
142	1020
142	950
142	909
142	502
142	225
142	223
142	217
142	116
142	92
142	79
142	71
142	48
142	18
142	11
3550	266
3550	234
3550	149
3550	106
3550	28
10205	319
1626	769
6483	716
6483	528
525	4763
9291	983
706	3986
2536	225
2842	3505
2842	3419
2842	3269
2842	950
2842	946
2842	580
2842	502
3719	981
3719	228
3719	226
3719	129
3719	53
9292	983
2183	981
2183	228
2183	226
2183	129
2183	53
6693	983
8431	3391
5214	716
5214	528
6667	716
9186	528
1089	615
5996	4259
5996	565
5996	507
5996	210
5996	28
5996	8
7301	1123
7301	1026
7301	983
7301	674
7301	610
7301	537
7301	507
7301	383
7301	184
7301	148
270	4828
464	4734
464	4720
464	3887
464	261
464	144
464	132
464	96
464	30
9546	983
1168	99
11659	4335
11659	4016
11659	4004
588	3639
5669	726
9274	983
700	481
9556	983
51	99
51	53
9532	983
4970	116
4970	79
4970	18
259	3809
259	3338
259	189
1957	745
8006	716
8006	528
7360	738
1656	981
1656	616
1656	610
1656	228
1656	226
1656	184
1656	129
1656	53
10206	319
3778	4459
3778	4305
302	543
302	52
9247	983
9247	507
4953	528
1517	981
1517	610
1517	228
1517	226
1517	129
1517	117
1517	53
1166	983
3517	716
3517	528
9279	983
2668	785
305	543
305	52
9137	1557
9137	502
9137	319
9137	225
9137	116
9137	79
551	4246
10517	983
610	4229
207	4763
207	983
802	1486
802	981
802	228
802	226
802	129
802	53
5020	546
5020	266
5020	149
5020	106
5020	45
9132	983
56	615
2171	817
2171	763
2171	730
9346	4752
9346	4751
9346	4750
9346	4749
9346	4748
9346	4747
9346	4577
9346	3831
9346	502
9346	225
9346	116
9346	92
9346	79
9346	18
3150	977
3150	716
3150	171
6617	3192
6617	710
9966	4653
8001	102
8423	3391
2102	983
9510	983
4817	1523
9294	983
11179	4099
11179	3201
11179	3193
11179	3191
11179	3163
11179	1619
11179	1618
11179	1617
11179	1615
11179	1614
11179	893
11179	438
11179	39
11179	23
3286	3986
7947	716
2830	615
879	1500
6865	3208
4174	3981
8822	558
8822	546
5221	753
903	4763
903	109
2546	983
5486	716
58	4229
58	149
1665	18
558	3776
5485	109
138	4392
138	4391
138	4085
138	3893
138	3888
138	3776
138	3775
138	3742
138	1279
138	660
138	261
138	197
138	96
138	32
138	30
138	24
1268	983
4791	716
4791	528
9148	3269
9148	1557
9148	502
9148	225
9148	116
9148	79
7064	528
2514	3269
2514	1538
2514	946
2514	580
2514	502
2514	319
2514	225
2288	777
312	983
312	112
5658	3505
5658	3419
5658	3269
5658	950
5658	946
5658	580
5658	502
143	4813
143	4811
143	4763
143	4652
143	4573
143	4479
143	4224
143	4094
143	3589
143	950
143	909
143	502
143	319
143	225
143	217
143	173
143	116
143	92
143	79
143	71
143	18
299	4828
5126	3338
4183	149
7834	3269
7834	1538
7834	946
7834	580
7834	502
7834	319
7834	225
3449	225
2157	507
2157	234
2157	106
5496	983
10811	4054
6578	3639
6578	3269
6578	950
6578	580
424	4561
424	4031
145	4079
145	3936
145	3206
145	1486
145	1482
145	1458
145	1074
145	1026
145	983
145	982
145	981
145	851
145	818
145	717
145	674
145	612
145	611
145	610
145	537
145	534
145	516
145	507
145	383
145	291
145	252
145	228
145	226
145	201
145	184
145	148
145	129
145	124
145	117
145	102
145	99
145	53
495	4377
495	1486
495	981
495	612
495	610
495	228
495	226
495	129
495	99
495	53
9177	3419
9177	925
3513	716
3513	18
6145	612
6145	148
4795	4246
4795	4046
1783	4644
3817	760
6334	3953
6334	376
9203	528
6966	3639
6966	3269
6966	950
6966	580
979	4567
5240	716
2203	610
2203	184
2203	99
4489	507
4489	383
4489	184
4489	53
5677	749
181	4311
181	4310
181	4249
181	4141
181	3949
181	3747
181	3173
181	988
181	820
181	281
181	139
181	84
3491	983
6955	546
9131	4229
9131	983
9131	507
4792	610
4792	184
920	4335
920	4016
10006	4752
10006	4751
10006	4750
10006	4749
10006	4748
10006	4747
10006	4577
10006	3831
10006	502
10006	225
10006	116
10006	92
10006	79
10006	18
9316	1523
5931	671
5643	554
5643	113
5643	52
1359	716
5434	4734
272	721
4479	4087
514	983
514	981
514	228
514	226
514	129
514	117
514	53
608	4763
9258	983
7079	528
1082	4229
1082	149
1082	106
3173	716
3173	528
1908	1026
1908	983
1908	674
1908	383
1908	148
10052	4723
10052	3662
10052	3302
3687	261
1807	610
1807	184
9202	528
786	4436
786	4229
872	3776
36	3776
2751	383
2751	184
2751	112
2751	53
2271	3801
5819	3849
5819	3349
5819	1556
5819	713
5819	116
5555	981
5555	228
5555	226
5555	129
5555	117
2359	1026
2359	983
2359	610
2359	507
2359	383
2359	184
2359	148
2359	53
3875	383
2331	4824
2331	4817
2331	4816
2331	4815
2331	4814
2331	4753
2331	4571
2331	4378
2331	4259
2331	4233
2331	3792
2331	3738
2331	3691
2331	3131
2331	978
2331	977
2331	716
2331	615
2331	565
2331	528
2331	527
2331	507
2331	480
2331	439
2331	222
2331	210
2331	200
2331	171
2331	150
2331	105
2331	34
2331	28
2331	26
2331	19
2331	8
2331	2
7311	225
9270	983
4296	4599
4296	4473
5209	716
5209	528
7510	3618
7510	3226
5217	716
520	4763
5727	981
5727	610
5727	228
5727	226
5727	184
5727	129
5727	53
10208	319
4829	4126
41	4301
41	4300
41	4299
41	4298
41	4297
41	4296
41	4295
41	4294
41	4293
41	4292
41	4291
41	4290
41	4289
41	4288
41	4287
41	4286
41	4285
41	4284
41	4283
41	4282
41	4281
41	4280
41	4279
41	4278
41	4277
41	4276
41	4275
41	4274
41	4273
41	4272
41	4271
41	4270
41	4269
41	4268
41	3945
41	3913
41	3912
41	3911
41	3910
41	3909
41	3908
41	3907
41	3906
41	3905
41	3904
41	3901
41	3900
41	3899
41	3898
41	3897
41	3860
41	3856
41	3855
41	3839
41	3784
41	3782
41	3781
41	3722
41	3718
41	3717
41	3714
41	3711
41	3710
41	3709
41	3708
41	3707
41	3706
41	3705
41	3704
41	3703
41	3702
41	3701
41	3700
41	3699
41	3697
41	3696
41	3688
41	3679
41	3678
41	3677
41	3667
41	3660
41	3596
41	3587
41	3579
41	3572
41	3571
41	3570
41	3569
41	3568
41	3567
41	3566
41	3565
41	3564
41	3563
41	3562
41	3560
41	3559
41	3558
41	3556
41	3555
41	3554
41	3553
41	3552
41	3551
41	3550
41	3500
41	3499
41	3492
41	3491
41	3490
41	3489
41	3488
41	3486
41	3485
41	3484
41	3482
41	3481
41	3480
41	3479
41	3477
41	3476
41	3475
41	3474
41	3473
41	3472
41	3471
41	3446
41	3438
41	3437
41	3436
41	3435
41	3434
41	3433
41	3432
41	3431
41	3430
41	3429
41	3427
41	3426
41	3425
41	3424
41	3332
41	3331
41	3330
41	3329
41	3297
41	3288
41	3287
41	3286
41	3279
41	3275
41	3274
41	3273
41	3201
41	3193
41	1625
41	1624
41	1619
41	1618
41	1617
41	1615
41	1614
41	438
41	262
41	245
41	215
41	199
41	174
41	122
41	91
41	85
41	83
41	62
41	59
41	47
41	31
9289	983
9188	528
1016	3865
1343	981
1343	610
1343	507
1343	228
1343	226
1343	129
1343	117
1343	53
5573	3792
5573	528
9185	528
9558	983
1055	4774
1055	4763
1055	4229
1055	266
1055	234
1055	149
1055	106
1319	983
219	3809
219	3345
219	3341
219	3338
219	3103
219	825
219	481
7610	4734
9227	983
2653	3341
5921	3112
5921	844
5921	698
6615	950
6615	319
6615	225
6615	116
6615	92
6615	79
3629	804
203	4771
203	4769
203	4763
203	4567
203	4462
203	4436
203	4425
203	4373
203	4355
203	4354
203	4341
203	4323
203	4231
203	4229
203	4214
203	3935
203	1523
203	662
203	558
203	557
203	554
203	546
203	531
203	149
203	113
203	52
5276	1026
5276	983
5276	612
5276	507
5276	383
5276	184
5276	148
5276	99
5276	53
473	4392
438	4567
438	4356
438	4321
438	4123
438	3582
438	3517
438	3514
438	1523
438	587
438	270
11675	4833
11675	4725
11675	4402
11675	4213
11675	4212
11675	3982
11675	1466
11674	4833
11674	4725
11674	4402
11674	4213
11674	4212
11674	3982
11674	1466
476	4337
430	4567
430	270
430	89
3722	3334
658	4567
658	3582
658	3517
658	1523
423	4567
423	270
423	89
423	58
423	57
423	56
423	55
423	54
577	3865
290	3792
290	3341
290	1490
290	480
448	4720
448	3887
448	261
448	132
448	96
448	30
452	4215
452	4063
452	4062
452	3932
452	3928
452	3927
452	3926
452	3672
452	3614
452	983
452	843
452	501
452	214
452	157
130	4734
130	4468
130	4467
130	4099
130	3191
130	1075
130	375
11191	4099
11191	3201
11191	3193
11191	3191
11191	3163
11191	1619
11191	1618
11191	1617
11191	1615
11191	1614
11191	893
11191	438
11191	39
11191	23
801	3865
1083	3865
11176	4099
11176	3201
11176	3193
11176	3191
11176	3163
11176	1619
11176	1618
11176	1617
11176	1615
11176	1614
11176	893
11176	438
11176	39
11176	23
5775	4829
